image_width: 752
image_height: 480
camera_name: narrow_stereo
camera_matrix:
  rows: 3
  cols: 3
  data: [391.091019, 0.000000, 384.715490, 0.000000, 389.648800, 219.939006, 0.000000, 0.000000, 1.000000]
distortion_model: plumb_bob
distortion_coefficients:
  rows: 1
  cols: 5
  data: [-0.235810, 0.045340, -0.000533, -0.000012, 0.000000]
rectification_matrix:
  rows: 3
  cols: 3
  data: [1.000000, 0.000000, 0.000000, 0.000000, 1.000000, 0.000000, 0.000000, 0.000000, 1.000000]
projection_matrix:
  rows: 3
  cols: 4
  data: [284.031067, 0.000000, 389.358595, 0.000000, 0.000000, 348.281494, 214.093395, 0.000000, 0.000000, 0.000000, 1.000000, 0.000000]
