image_width: 752
image_height: 480
camera_name: narrow_stereo
camera_matrix:
  rows: 3
  cols: 3
  data: [390.160508, 0.000000, 388.917091, 0.000000, 390.160508, 218.490820, 0.000000, 0.000000, 1.000000]
distortion_model: plumb_bob
distortion_coefficients:
  rows: 1
  cols: 5
  data: [-0.251942, 0.056358, -0.000793, -0.000176, 0.000000]
rectification_matrix:
  rows: 3
  cols: 3
  data: [1.000000, 0.000000, 0.000000, 0.000000, 1.000000, 0.000000, 0.000000, 0.000000, 1.000000]
projection_matrix:
  rows: 3
  cols: 4
  data: [287.022949, 0.000000, 391.408244, 0.000000, 0.000000, 345.935852, 211.793586, 0.000000, 0.000000, 0.000000, 1.000000, 0.000000]
