image_width: 752
image_height: 480
camera_name: narrow_stereo
camera_matrix:
  rows: 3
  cols: 3
  data: [391.230961, 0.000000, 394.789113, 0.000000, 389.820978, 218.309630, 0.000000, 0.000000, 1.000000]
distortion_model: plumb_bob
distortion_coefficients:
  rows: 1
  cols: 5
  data: [-0.251887, 0.056533, -0.000094, 0.000058, 0.000000]
rectification_matrix:
  rows: 3
  cols: 3
  data: [1.000000, 0.000000, 0.000000, 0.000000, 1.000000, 0.000000, 0.000000, 0.000000, 1.000000]
projection_matrix:
  rows: 3
  cols: 4
  data: [290.028076, 0.000000, 398.805304, 0.000000, 0.000000, 345.622711, 212.049730, 0.000000, 0.000000, 0.000000, 1.000000, 0.000000]
