# oST version 5.0 parameters


[image]

width
752

height
480

[narrow_stereo]

camera matrix
391.230961 0.000000 394.789113
0.000000 389.820978 218.309630
0.000000 0.000000 1.000000

distortion
-0.251887 0.056533 -0.000094 0.000058 0.000000

rectification
1.000000 0.000000 0.000000
0.000000 1.000000 0.000000
0.000000 0.000000 1.000000

projection
290.028076 0.000000 398.805304 0.000000
0.000000 345.622711 212.049730 0.000000
0.000000 0.000000 1.000000 0.000000

