INPUT VALUES:
	x1 = 8.500000
	x2 = 5.650000	y2 = 4.750000
	x3 = -1.750000	y3 = 3.500000
	del1 = 2.053896	del2 = -1.349004	del3 = -1.361367

OUTPUT VALUES:
	x = 1.500000	y = 6.699999	zsquared = 60.062462
		Pz1 = 7.749998


CHECK RESULTS:

	d0 = 10.353861	d1 = 12.407757	d2 = 9.004857	d3 = 8.992494
	del1 = 2.053896	del2 = -1.349004	del3 = -1.361367

